PUTS 93
LDI 19
GETS 200
TOINT 200
STA 250

PUTS 114
LDI 19
GETS 220
TOINT 220
STA 251

PUTS 136
GETC 240

LDA 240
CMP 170
JZ 49

LDA 240
CMP 171
JZ 60

LDA 240
CMP 172
JZ 71

LDA 240
CMP 173
JZ 82

HLT

LDA 250
ADD 251
TOSTR 260
PUTS 161
PUTS 260
HLT

LDA 250
SUB 251
TOSTR 260
PUTS 161
PUTS 260
HLT

LDA 250
MUL 251
TOSTR 260
PUTS 161
PUTS 260
HLT

LDA 250
DIV 251
TOSTR 260
PUTS 161
PUTS 260
HLT

69 110 116 101 114 32 102 105 114 115 116 32 110 117 109 98 101 114 58 32 0

69 110 116 101 114 32 115 101 99 111 110 100 32 110 117 109 98 101 114 58 32 0

79 112 101 114 97 116 105 111 110 32 40 43 44 32 45 44 32 42 44 32 47 41 58 32 0

82 101 115 117 108 116 58 32 0

43 45 42 47
